1.000000
0.501430
0.509764
1.000000
1.000000
0.585577
1.000000
0.818824
1.000000
1.000000
0.064805
1.000000
1.000000
0.879781
0.390672
0.875986
0.940181
0.391168
1.000000
1.000000
1.000000
0.634253
0.939461
0.391290
1.000000
0.705567
0.757138
0.818519
0.451986
0.754116
0.696673
1.000000
1.000000
0.403381
1.000000
0.572281
1.000000
0.342193
1.000000
0.572241
0.572230
0.572150
0.694722
0.757134
0.879144
0.390653
0.691641
0.635003
1.000000
1.000000
0.572167
0.694737
0.634954
1.000000
1.000000
0.705607
1.000000
0.403412
0.507518
1.000000
1.000000
0.585592
1.000000
0.818885
0.574916
0.572182
0.694707
1.000000
1.000000
0.940309
1.000000
0.940334
1.000000
1.000000
0.757624
0.818394
0.451908
1.000000
1.000000
0.572283
0.572239
0.572142
0.694700
1.000000
0.879646
1.000000
0.940315
0.391307
0.384222
0.937895
0.940287
1.000000
1.000000
0.447209
1.000000
1.000000
1.000000
0.320838
0.320904
0.628966
0.939447
1.000000
0.634210
0.634313
1.000000
0.818791
1.000000
0.634194
0.939439
1.000000
0.634256
0.634276
1.000000
1.000000
1.000000
1.000000
0.572347
0.325244
0.444669
1.000000
0.942161
1.000000
0.879783
1.000000
0.320922
0.751618
1.000000
1.000000
1.000000
0.824457
0.452057
1.000000
1.000000
0.384181
0.691657
0.634883
0.449922
1.000000
0.757602
0.818323
0.452030
0.754087
0.696705
1.000000
1.000000
1.000000
1.000000
1.000000
1.000000
0.696134
1.000000
0.525076
1.000000
1.000000
1.000000
1.000000
1.000000
0.321148
1.000000
0.585558
1.000000
0.879737
0.819140
1.000000
1.000000
0.384328
1.000000
0.757540
0.389614
1.000000
0.696121
0.757268
0.879292
1.000000
1.000000
1.000000
0.645708
1.000000
1.000000
0.509715
1.000000
0.879799
0.390991
0.876054
0.940153
0.391200
0.507348
1.000000
0.696218
1.000000
1.000000
0.940301
1.000000
1.000000
1.000000
1.000000
0.879853
0.390844
0.691835
1.000000
0.824465
1.000000
0.757528
0.818447
0.452138
0.754322
0.696837
1.000000
0.818808
1.000000
1.000000
1.000000
1.000000
0.447313
1.000000
1.000000
1.000000
0.572083
1.000000
1.000000
1.000000
0.509719
1.000000
0.384373
1.000000
0.320876
1.000000
0.696291
0.635228
0.572927
1.000000
0.824618
1.000000
0.645638
0.756459
0.327663
0.629193
0.572993
1.000000
0.818955
0.513418
0.693675
0.756955
0.818566
0.452096
0.754196
1.000000
0.757448
1.000000
1.000000
1.000000
0.818898
1.000000
1.000000
1.000000
0.464617
1.000000
1.000000
0.403448
1.000000
1.000000
1.000000
1.000000
0.447307
0.938487
1.000000
1.000000
0.705704
0.635149
0.573058
1.000000
0.818909
1.000000
0.447063
0.508606
1.000000
1.000000
1.000000
1.000000
0.321069
0.320945
0.320850
0.320945
0.629222
1.000000
1.000000
1.000000
0.696207
1.000000
0.193401
0.563767
0.694961
0.635190
0.572949
1.000000
1.000000
1.000000
0.320852
0.320814
0.629212
1.000000
1.000000
1.000000
0.705728
1.000000
1.000000
1.000000
0.447278
1.000000
1.000000
1.000000
0.384288
1.000000
1.000000
0.585554
0.694874
0.635198
0.572940
1.000000
1.000000
1.000000
0.818711
1.000000
0.447344
0.754157
1.000000
1.000000
0.696254
0.573630
1.000000
1.000000
1.000000
0.879707
1.000000
1.000000
1.000000
1.000000
1.000000
1.000000
1.000000
0.384345
1.000000
1.000000
1.000000
0.464411
0.753949
0.757630
0.818457
1.000000
1.000000
1.000000
0.940328
1.000000
1.000000
0.447202
1.000000
1.000000
1.000000
1.000000
1.000000
1.000000
1.000000
0.765095
0.818469
1.000000
0.320829
0.444833
0.876766
1.000000
0.509640
0.509660
1.000000
0.320926
1.000000
0.447292
1.000000
1.000000
1.000000
1.000000
0.384333
1.000000
1.000000
1.000000
0.447267
1.000000
1.000000
0.384193
0.384360
0.630569
0.573066
1.000000
1.000000
0.384186
0.322130
0.320822
0.629094
1.000000
1.000000
1.000000
1.000000
1.000000
0.696011
0.756973
0.818473
1.000000
0.342181
0.444799
0.876704
1.000000
0.509577
0.509648
1.000000
0.320867
1.000000
1.000000
1.000000
1.000000
0.824371
0.940041
1.000000
1.000000
0.942217
1.000000
0.696239
0.573591
0.262935
1.000000
0.509705
1.000000
0.879809
0.390879
0.876081
1.000000
1.000000
1.000000
1.000000
1.000000
0.634444
1.000000
1.000000
0.447198
0.753942
0.757441
0.818472
1.000000
0.321013
0.444806
1.000000
0.320875
0.320799
0.320920
0.629188
1.000000
1.000000
1.000000
0.696110
1.000000
0.634180
1.000000
1.000000
0.879720
1.000000
0.940325
1.000000
1.000000
1.000000
1.000000
0.384368
1.000000
0.696156
0.939716
0.391381
1.000000
0.320825
0.320913
0.629178
1.000000
1.000000
1.000000
0.696232
1.000000
1.000000
0.447272
1.000000
1.000000
0.384354
1.000000
0.765154
1.000000
0.320786
0.320835
0.629014
1.000000
1.000000
0.384355
1.000000
1.000000
0.384088
1.000000
1.000000
0.384404
0.384351
1.000000
0.757445
1.000000
1.000000
0.572172
1.000000
0.509608
1.000000
1.000000
0.509635
0.571243
0.510635
0.509620
1.000000
0.320845
0.751467
0.696754
1.000000
1.000000
1.000000
0.447181
1.000000
1.000000
1.000000
1.000000
1.000000
1.000000
1.000000
1.000000
0.757427
0.879151
1.000000
1.000000
1.000000
1.000000
1.000000
1.000000
0.757460
0.879224
1.000000
1.000000
1.000000
1.000000
1.000000
1.000000
0.765038
0.879151
1.000000
1.000000
1.000000
0.464412
0.753948
0.140054
1.000000
0.879712
1.000000
1.000000
1.000000
1.000000
1.000000
0.757495
0.818382
1.000000
0.320946
0.444697
0.876725
1.000000
1.000000
0.129287
1.000000
0.879588
1.000000
0.705693
1.000000
1.000000
0.634158
1.000000
1.000000
0.879646
1.000000
1.000000
1.000000
0.940320
0.697909
0.756925
0.818360
1.000000
0.320903
0.444753
0.876796
1.000000
0.509622
0.509650
1.000000
0.342053
0.751532
0.696714
1.000000
0.572164
1.000000
1.000000
1.000000
0.464498
1.000000
0.447258
1.000000
1.000000
0.384064
1.000000
1.000000
1.000000
1.000000
1.000000
0.645854
1.000000
1.000000
1.000000
0.403535
0.630657
0.634453
1.000000
0.942214
0.819438
0.451823
0.508616
1.000000
0.320862
0.751440
0.696726
1.000000
0.572129
0.510567
0.509751
1.000000
0.320841
0.751394
1.000000
0.757416
0.879098
0.513927
0.509662
1.000000
0.342052
0.751442
0.574289
1.000000
0.634221
1.000000
1.000000
1.000000
0.879699
1.000000
1.000000
1.000000
1.000000
1.000000
0.384200
1.000000
0.447243
0.753994
1.000000
0.757474
1.000000
1.000000
1.000000
1.000000
0.879748
1.000000
1.000000
1.000000
1.000000
1.000000
0.384137
0.875892
1.000000
1.000000
1.000000
1.000000
0.509537
1.000000
1.000000
0.342092
0.629177
0.572872
1.000000
1.000000
0.403408
1.000000
0.320802
0.629075
0.695472
1.000000
0.757443
1.000000
1.000000
0.695984
0.756921
0.574349
0.449081
0.753940
1.000000
1.000000
1.000000
0.757417
0.757418
0.818347
1.000000
1.000000
1.000000
1.000000
1.000000
1.000000
1.000000
1.000000
1.000000
1.000000
0.705629
1.000000
1.000000
1.000000
0.447165
1.000000
1.000000
0.384264
1.000000
0.757443
1.000000
1.000000
0.572054
0.694838
0.635044
0.263748
0.565932
1.000000
1.000000
1.000000
0.384198
0.384309
1.000000
0.696166
0.939688
1.000000
1.000000
0.764973
1.000000
1.000000
1.000000
0.940345
1.000000
0.696152
0.573548
1.000000
1.000000
0.509648
1.000000
1.000000
1.000000
1.000000
1.000000
1.000000
1.000000
0.757462
0.879168
1.000000
1.000000
1.000000
1.000000
1.000000
0.757476
0.818480
0.452073
0.753955
1.000000
0.757412
1.000000
1.000000
0.572144
0.694828
0.635116
0.634531
1.000000
0.940379
0.819409
0.757924
0.757451
0.818266
1.000000
1.000000
1.000000
0.940353
0.819384
1.000000
1.000000
0.879709
1.000000
0.320840
0.444677
0.876697
1.000000
0.509574
0.509602
1.000000
0.320825
1.000000
0.447198
1.000000
0.320764
0.320853
0.320741
0.628999
1.000000
1.000000
0.384286
1.000000
0.342058
0.320821
0.320771
0.629005
0.695562
1.000000
0.765074
1.000000
1.000000
1.000000
0.572115
1.000000
0.509725
1.000000
0.940376
1.000000
1.000000
0.879608
0.819045
1.000000
0.384285
1.000000
0.696040
1.000000
1.000000
0.940312
0.514454
1.000000
1.000000
1.000000
0.634329
0.634318
0.939480
1.000000
0.509649
1.000000
0.342097
0.751481
0.696698
1.000000
1.000000
1.000000
0.320740
0.628991
0.695487
1.000000
0.757407
1.000000
0.757416
1.000000
1.000000
0.384316
1.000000
1.000000
1.000000
1.000000
0.524917
0.073773
1.000000
0.696003
0.634911
0.511337
1.000000
0.757362
1.000000
1.000000
1.000000
1.000000
1.000000
1.000000
0.509634
0.448134
1.000000
1.000000
0.879625
1.000000
0.572125
0.325062
0.444498
0.876609
1.000000
1.000000
0.879623
1.000000
0.572205
0.325120
0.444602
0.876607
1.000000
0.757436
0.757454
1.000000
1.000000
1.000000
1.000000
1.000000
0.695993
0.695973
0.756957
0.818354
1.000000
1.000000
0.765041
1.000000
1.000000
1.000000
0.572063
1.000000
0.509687
1.000000
1.000000
1.000000
1.000000
1.000000
0.403397
1.000000
0.940322
0.758659
1.000000
1.000000
1.000000
0.757419
0.757461
0.818277
1.000000
1.000000
1.000000
1.000000
1.000000
0.942185
1.000000
0.572216
0.939231
0.758622
1.000000
1.000000
1.000000
0.757429
0.757457
0.818415
1.000000
1.000000
1.000000
1.000000
1.000000
0.940305
1.000000
1.000000
0.384212
1.000000
1.000000
1.000000
0.940329
1.000000
0.585495
1.000000
0.509652
1.000000
1.000000
1.000000
0.464373
0.753930
0.757416
0.818318
1.000000
1.000000
0.757431
1.000000
1.000000
0.320806
1.000000
1.000000
1.000000
1.000000
0.696103
1.000000
0.572050
0.755690
0.757424
0.818582
1.000000
0.572028
1.000000
0.818595
1.000000
0.818762
0.818682
1.000000
0.384201
1.000000
1.000000
1.000000
1.000000
0.383967
0.384102
0.875824
0.452380
0.753920
1.000000
1.000000
0.695998
0.695956
0.756918
0.818316
0.940081
0.758756
1.000000
1.000000
0.705473
0.695936
0.756955
0.818272
0.940005
1.000000
0.940346
1.000000
1.000000
0.883350
1.000000
1.000000
0.757421
1.000000
0.384159
1.000000
1.000000
1.000000
0.940324
1.000000
1.000000
1.000000
1.000000
1.000000
1.000000
1.000000
0.818692
0.818640
0.452000
0.753941
1.000000
0.757389
1.000000
1.000000
1.000000
1.000000
0.883329
1.000000
0.696064
1.000000
0.572087
1.000000
0.384069
1.000000
0.940382
1.000000
1.000000
1.000000
1.000000
1.000000
0.879635
1.000000
0.585479
1.000000
1.000000
1.000000
1.000000
0.342013
0.320708
0.628848
0.695403
1.000000
0.765049
1.000000
0.757450
0.757390
0.757460
0.818474
1.000000
0.571944
1.000000
1.000000
0.645554
1.000000
1.000000
1.000000
0.940267
1.000000
0.940284
1.000000
1.000000
1.000000
0.705491
0.756935
0.879121
0.879569
0.390678
0.875792
1.000000
0.384013
0.384108
0.875802
0.452274
0.753909
1.000000
1.000000
1.000000
0.883334
1.000000
0.572085
0.939167
1.000000
0.940357
1.000000
1.000000
1.000000
0.940303
0.391252
1.000000
1.000000
1.000000
0.942155
0.575676
1.000000
1.000000
1.000000
0.705518
0.817816
1.000000
1.000000
1.000000
1.000000
1.000000
1.000000
1.000000
0.705491
1.000000
1.000000
1.000000
0.757361
0.139857
1.000000
1.000000
1.000000
0.509609
1.000000
0.524985
0.073883
1.000000
1.000000
0.509599
1.000000
0.940298
1.000000
1.000000
0.634039
0.756307
0.818474
1.000000
0.572091
1.000000
0.824336
0.757874
0.389319
0.752744
0.818448
1.000000
0.571979
0.633335
1.000000
1.000000
0.940340
1.000000
1.000000
0.645554
1.000000
1.000000
1.000000
1.000000
0.571990
1.000000
0.572054
0.939254
0.758661
1.000000
1.000000
1.000000
1.000000
0.645539
0.939458
0.879806
1.000000
0.696071
1.000000
0.572023
0.755627
0.757404
0.818314
0.940029
1.000000
0.940323
1.000000
0.320793
0.320709
0.320715
0.628894
1.000000
0.509682
0.324122
1.000000
1.000000
1.000000
1.000000
0.446905
0.753981
1.000000
0.384038
1.000000
0.572008
1.000000
1.000000
0.634195
0.695264
0.817908
1.000000
1.000000
1.000000
0.320653
1.000000
0.320727
0.628808
0.572814
0.633394
1.000000
1.000000
1.000000
1.000000
0.572118
0.939163
1.000000
0.940377
0.879787
0.940088
1.000000
0.757357
0.818515
1.000000
1.000000
0.384121
0.875809
1.000000
0.757415
1.000000
0.757343
0.879007
1.000000
0.695956
1.000000
0.571970
1.000000
0.634158
0.939479
0.879804
1.000000
0.695998
1.000000
1.000000
0.942148
1.000000
1.000000
1.000000
1.000000
0.509710
1.000000
1.000000
1.000000
1.000000
0.509686
0.754867
1.000000
0.765046
0.696571
0.573455
0.755571
0.757409
0.818417
1.000000
1.000000
0.384141
0.875744
1.000000
0.757357
0.757366
0.818507
1.000000
1.000000
0.403400
0.875753
1.000000
1.000000
1.000000
0.464138
0.753891
1.000000
0.384086
0.875823
1.000000
0.757381
0.757383
0.818303
0.940027
1.000000
0.940311
1.000000
0.320782
0.320699
0.320739
0.628837
0.695365
0.817803
1.000000
1.000000
1.000000
1.000000
1.000000
1.000000
0.384193
1.000000
1.000000
1.000000
1.000000
1.000000
1.000000
0.940299
0.879779
1.000000
0.695963
1.000000
0.572046
0.755590
0.757366
0.818416
1.000000
0.572066
0.633327
1.000000
1.000000
0.940310
1.000000
1.000000
0.883333
1.000000
0.705442
1.000000
0.572003
1.000000
0.879564
1.000000
0.572019
0.325079
0.444463
0.876558
1.000000
0.757383
0.757392
0.818288
0.940096
1.000000
0.942176
0.879785
1.000000
0.757352
0.757383
0.818418
1.000000
1.000000
0.384120
0.875751
1.000000
1.000000
0.634065
0.695338
0.634848
0.572764
0.633343
1.000000
1.000000
0.940300
1.000000
1.000000
1.000000
0.705429
1.000000
1.000000
1.000000
1.000000
1.000000
0.464267
0.753977
1.000000
0.403383
0.875764
0.940180
1.000000
0.509595
1.000000
0.320808
0.751427
1.000000
1.000000
0.705523
0.695882
0.756919
0.818248
1.000000
0.571968
1.000000
0.818708
1.000000
0.320703
0.320772
0.628858
0.695280
0.818002
1.000000
1.000000
1.000000
1.000000
1.000000
0.509708
1.000000
1.000000
0.320810
1.000000
1.000000
1.000000
1.000000
0.446880
0.754053
1.000000
0.384159
0.875807
0.940134
0.819399
0.818693
1.000000
0.384166
1.000000
0.695901
1.000000
0.572016
1.000000
1.000000
0.645550
1.000000
1.000000
0.384091
0.875779
0.940197
1.000000
0.571952
0.324972
0.628893
0.572742
0.633401
0.634248
0.939457
0.329026
0.320700
0.628815
0.695357
0.817914
1.000000
0.942181
0.575660
1.000000
1.000000
0.645564
1.000000
0.571971
1.000000
1.000000
1.000000
1.000000
0.879584
0.697539
1.000000
0.696071
1.000000
1.000000
1.000000
1.000000
1.000000
0.446952
0.753994
1.000000
0.384062
0.875818
0.940199
1.000000
1.000000
1.000000
1.000000
0.695981
0.939665
1.000000
0.818656
1.000000
0.320745
0.628874
0.695349
0.817941
1.000000
0.940350
1.000000
1.000000
0.818745
1.000000
0.384175
1.000000
0.696017
1.000000
0.571979
1.000000
0.879636
1.000000
0.572003
1.000000
0.757373
1.000000
1.000000
0.320677
0.320783
0.628866
0.695380
0.817765
1.000000
1.000000
1.000000
1.000000
1.000000
1.000000
1.000000
0.696003
1.000000
1.000000
1.000000
0.757383
1.000000
1.000000
1.000000
1.000000
0.757427
0.696518
0.573558
0.755578
0.757421
0.818455
1.000000
0.571987
0.633263
1.000000
0.571919
1.000000
1.000000
0.634206
0.695339
0.817971
1.000000
0.942167
1.000000
1.000000
0.818586
1.000000
1.000000
1.000000
0.572017
0.755703
1.000000
1.000000
0.757460
0.818219
0.940008
1.000000
0.940322
0.879789
0.940164
0.819307
0.818683
1.000000
0.384119
1.000000
1.000000
1.000000
0.695930
0.695842
0.756821
0.818286
0.940044
1.000000
0.940308
0.879784
1.000000
1.000000
0.634015
0.939465
0.879778
0.879539
0.390585
0.875747
0.940157
0.575670
1.000000
0.572063
1.000000
0.572003
0.633375
1.000000
1.000000
0.695829
1.000000
1.000000
1.000000
1.000000
0.757510
0.696480
0.573554
1.000000
1.000000
1.000000
1.000000
1.000000
0.464189
0.876585
1.000000
1.000000
0.464139
1.000000
1.000000
0.879551
1.000000
0.320684
0.320740
0.320685
0.320721
0.628777
1.000000
0.571990
1.000000
1.000000
0.879550
1.000000
1.000000
0.879584
1.000000
1.000000
0.757461
0.696524
0.573561
1.000000
0.879660
0.697536
0.634851
1.000000
0.879572
1.000000
0.341983
0.320694
0.320789
0.628880
0.695239
0.817898
1.000000
1.000000
1.000000
0.320738
0.320745
0.628816
0.695327
0.817850
1.000000
1.000000
1.000000
0.320619
0.320774
0.628841
0.326020
1.000000
1.000000
1.000000
1.000000
0.383976
0.384046
0.875836
0.940166
0.391078
1.000000
1.000000
0.320861
0.320639
0.320795
0.628825
1.000000
1.000000
1.000000
1.000000
1.000000
1.000000
1.000000
0.645545
0.695300
1.000000
0.757410
0.696519
1.000000
0.940365
1.000000
1.000000
0.634103
1.000000
0.879530
0.879613
1.000000
1.000000
0.446872
1.000000
1.000000
0.879709
1.000000
0.342007
0.320724
0.320725
0.320728
0.628841
1.000000
0.524870
0.324185
1.000000
0.942202
0.819253
0.818586
1.000000
1.000000
1.000000
0.572049
1.000000
0.320780
0.320705
0.320730
0.628790
1.000000
0.509469
0.324267
1.000000
0.940390
0.575647
0.571961
1.000000
1.000000
0.634111
1.000000
1.000000
1.000000
1.000000
0.942145
1.000000
1.000000
1.000000
0.384109
0.875802
0.940162
0.819240
0.818593
1.000000
0.384094
1.000000
0.695893
1.000000
0.524908
0.816001
0.327902
0.628748
0.695320
1.000000
0.757389
0.696447
1.000000
1.000000
0.585363
1.000000
1.000000
0.634035
1.000000
1.000000
1.000000
1.000000
1.000000
0.940348
0.879756
1.000000
0.695962
1.000000
0.572015
0.755581
0.757352
0.818428
1.000000
0.585349
0.633321
1.000000
0.509622
0.693604
0.756924
0.574190
1.000000
0.824414
1.000000
0.942168
1.000000
1.000000
0.824244
1.000000
0.384105
1.000000
0.696047
1.000000
0.571975
1.000000
0.879458
1.000000
0.572059
1.000000
1.000000
1.000000
1.000000
0.320723
0.320749
0.628747
1.000000
1.000000
0.384025
1.000000
0.818653
1.000000
1.000000
0.320857
0.628756
1.000000
1.000000
1.000000
1.000000
1.000000
1.000000
0.403331
0.630258
1.000000
1.000000
1.000000
0.879497
1.000000
1.000000
0.879532
1.000000
0.818768
1.000000
1.000000
0.757520
0.757359
0.757441
0.327416
0.628748
1.000000
0.879549
1.000000
0.342020
0.320722
0.320724
0.628806
1.000000
1.000000
0.883355
0.879670
0.940238
1.000000
1.000000
0.757404
0.879024
1.000000
0.695886
1.000000
1.000000
0.940296
0.514380
1.000000
0.341945
0.751391
1.000000
1.000000
1.000000
0.879559
1.000000
0.571995
0.939196
1.000000
0.940313
1.000000
0.818767
1.000000
0.695910
0.756983
0.878962
1.000000
0.705388
1.000000
1.000000
0.695838
1.000000
1.000000
0.446888
0.753930
0.076832
1.000000
0.940302
1.000000
1.000000
0.757468
0.879024
0.879641
0.390606
0.875852
1.000000
1.000000
0.940313
1.000000
0.940361
0.391041
1.000000
1.000000
1.000000
1.000000
1.000000
0.695951
1.000000
0.695865
0.939764
0.879764
1.000000
1.000000
1.000000
0.942179
0.879784
1.000000
0.695989
1.000000
1.000000
1.000000
0.320783
0.628789
1.000000
1.000000
0.384169
0.875783
0.940175
0.819295
0.818770
1.000000
0.384213
1.000000
0.695906
1.000000
0.571942
1.000000
1.000000
0.634178
1.000000
0.585311
1.000000
1.000000
1.000000
1.000000
1.000000
0.883314
1.000000
1.000000
0.757326
0.696555
1.000000
0.940332
1.000000
0.509727
0.754946
1.000000
0.764989
0.696502
1.000000
0.940255
0.514365
1.000000
1.000000
1.000000
0.634102
1.000000
1.000000
0.940279
1.000000
1.000000
0.634138
1.000000
1.000000
1.000000
1.000000
1.000000
0.384011
1.000000
1.000000
0.571921
0.633270
1.000000
1.000000
0.940296
1.000000
1.000000
0.634012
1.000000
0.879611
1.000000
1.000000
1.000000
1.000000
0.320795
0.628808
1.000000
0.879581
1.000000
1.000000
1.000000
0.320728
1.000000
1.000000
0.509571
0.324164
1.000000
1.000000
1.000000
1.000000
0.446854
0.753852
1.000000
0.403307
0.875787
0.940148
1.000000
1.000000
1.000000
0.634131
1.000000
1.000000
1.000000
0.879566
1.000000
1.000000
0.883347
1.000000
1.000000
0.757471
0.696372
0.573494
0.755597
0.757346
0.818451
1.000000
0.572004
0.633314
1.000000
1.000000
1.000000
1.000000
0.572023
0.939241
1.000000
1.000000
1.000000
1.000000
1.000000
1.000000
0.446852
0.753909
1.000000
0.384050
0.875765
1.000000
0.879601
0.513677
1.000000
1.000000
1.000000
1.000000
1.000000
1.000000
1.000000
1.000000
0.634149
1.000000
0.572004
1.000000
1.000000
1.000000
1.000000
0.403222
0.875758
1.000000
1.000000
0.757295
1.000000
1.000000
0.320647
0.320653
0.628773
1.000000
1.000000
0.384092
0.875686
1.000000
1.000000
0.634107
0.939434
0.879780
1.000000
1.000000
1.000000
1.000000
1.000000
0.634139
0.939418
1.000000
0.940294
1.000000
0.695999
0.573490
1.000000
1.000000
1.000000
1.000000
1.000000
0.384041
0.875776
1.000000
0.757355
1.000000
0.757484
1.000000
0.940277
1.000000
1.000000
1.000000
0.320643
0.320755
0.628867
0.695346
0.817873
1.000000
0.940298
0.575714
1.000000
0.384022
1.000000
1.000000
1.000000
0.384113
0.875747
0.452167
0.753870
0.389318
0.384188
0.630284
0.572786
0.633312
1.000000
1.000000
1.000000
1.000000
0.572044
0.939173
1.000000
0.940288
1.000000
1.000000
1.000000
1.000000
0.320801
1.000000
0.705398
0.939676
0.879767
1.000000
1.000000
1.000000
0.446913
0.753911
1.000000
0.384051
0.875724
0.940190
0.819210
0.818683
1.000000
0.384036
1.000000
0.695922
1.000000
0.129175
0.377289
0.383949
0.875789
1.000000
0.818759
1.000000
0.940313
0.575693
1.000000
0.879498
1.000000
1.000000
1.000000
0.940289
0.879768
0.940175
0.819270
0.818709
1.000000
0.384094
1.000000
0.695934
1.000000
0.571956
1.000000
1.000000
0.645528
1.000000
0.571983
0.633374
1.000000
1.000000
1.000000
1.000000
0.571985
1.000000
1.000000
0.384077
0.875728
0.940186
1.000000
1.000000
1.000000
0.634105
1.000000
1.000000
1.000000
0.879550
1.000000
1.000000
0.634116
0.695170
0.817775
1.000000
1.000000
1.000000
1.000000
0.765014
0.818382
1.000000
0.585371
0.633268
1.000000
0.571968
1.000000
0.446822
1.000000
1.000000
0.634116
0.695193
1.000000
1.000000
0.705255
0.756850
0.818303
1.000000
0.571876
0.633314
1.000000
0.524887
1.000000
0.509489
1.000000
1.000000
1.000000
0.634046
0.449562
0.938392
0.575642
1.000000
1.000000
1.000000
0.940272
0.391028
1.000000
0.572093
1.000000
1.000000
0.940255
0.636900
0.511268
1.000000
1.000000
1.000000
1.000000
0.818559
1.000000
1.000000
0.940219
1.000000
1.000000
0.883326
1.000000
0.446854
0.323186
0.628705
0.511218
1.000000
1.000000
0.818604
0.451663
0.508449
1.000000
1.000000
1.000000
1.000000
0.509644
0.571014
0.386998
0.383970
0.875756
0.940110
0.391006
0.322045
1.000000
0.940211
0.575625
1.000000
0.585466
1.000000
0.571998
1.000000
1.000000
0.464203
0.753842
0.389313
0.875789
0.940157
0.391063
1.000000
1.000000
1.000000
1.000000
1.000000
1.000000
1.000000
0.942183
1.000000
1.000000
1.000000
1.000000
0.879487
0.697326
0.634763
0.511241
0.815999
1.000000
1.000000
0.446844
1.000000
1.000000
1.000000
0.705299
0.939631
0.879859
0.697291
0.695761
0.756840
1.000000
1.000000
0.464127
1.000000
1.000000
0.705304
0.695763
0.756781
1.000000
1.000000
0.446860
1.000000
1.000000
0.695871
1.000000
1.000000
0.509551
0.754913
1.000000
0.757439
0.696427
0.573594
0.386946
0.383956
1.000000
1.000000
0.524801
0.815914
1.000000
1.000000
0.645468
0.634087
1.000000
1.000000
0.879593
1.000000
1.000000
0.879613
1.000000
1.000000
0.940358
0.636847
0.511269
1.000000
1.000000
0.818578
0.451623
0.508398
1.000000
1.000000
1.000000
0.446826
1.000000
0.818675
0.451575
0.508359
0.447891
0.753886
1.000000
1.000000
1.000000
1.000000
0.509438
1.000000
1.000000
0.634119
0.511232
0.815934
1.000000
1.000000
1.000000
0.695766
0.756848
0.879104
0.879573
1.000000
1.000000
1.000000
1.000000
0.879569
1.000000
0.524857
1.000000
0.940304
1.000000
1.000000
1.000000
0.585371
1.000000
0.757286
1.000000
0.384000
1.000000
0.585475
1.000000
1.000000
0.942110
1.000000
0.695817
0.939630
0.879805
1.000000
0.879553
1.000000
1.000000
0.879647
0.879610
1.000000
1.000000
1.000000
1.000000
0.383905
1.000000
1.000000
0.571941
0.633316
0.449598
1.000000
0.879538
1.000000
1.000000
1.000000
0.705277
1.000000
1.000000
0.940316
0.575569
0.571925
0.816662
0.940042
0.390956
0.322021
1.000000
1.000000
0.879564
1.000000
0.509482
1.000000
1.000000
1.000000
1.000000
0.818774
0.451569
0.508476
0.447870
0.753866
1.000000
1.000000
1.000000
1.000000
1.000000
0.879562
1.000000
1.000000
0.879624
1.000000
0.818586
1.000000
1.000000
1.000000
0.879524
0.940115
0.390974
1.000000
0.384041
0.630299
1.000000
1.000000
0.695789
0.634881
0.511218
0.815939
1.000000
0.695775
0.695749
0.756750
1.000000
1.000000
0.446836
1.000000
1.000000
1.000000
0.464140
0.508425
0.938813
0.636857
0.511221
0.815951
1.000000
1.000000
1.000000
0.818601
1.000000
1.000000
0.940227
0.391028
1.000000
1.000000
1.000000
1.000000
1.000000
1.000000
0.320646
1.000000
0.509719
0.571097
0.386955
0.383949
1.000000
1.000000
0.524784
0.324022
1.000000
0.705310
0.695764
0.756831
0.818182
1.000000
0.571952
1.000000
1.000000
0.464178
0.753827
1.000000
0.879591
0.940150
0.390991
0.321964
1.000000
1.000000
1.000000
1.000000
0.320777
0.628866
0.511211
0.815918
1.000000
0.705212
0.695761
0.756853
0.818162
1.000000
0.571876
0.633226
0.449697
1.000000
1.000000
1.000000
0.341998
0.628774
0.511198
0.815981
1.000000
1.000000
0.446831
0.508414
1.000000
1.000000
0.757377
1.000000
1.000000
0.320730
0.320627
0.320666
0.628787
0.325930
0.751380
0.696350
1.000000
0.509663
0.073890
1.000000
0.320911
0.628798
1.000000
0.645566
0.449676
0.938324
0.575606
0.571931
1.000000
0.757451
1.000000
0.383916
1.000000
1.000000
0.942154
1.000000
0.757312
0.879030
0.879668
1.000000
1.000000
0.879611
1.000000
0.446880
1.000000
1.000000
0.634149
0.695119
1.000000
0.509479
0.693584
0.756851
0.574034
0.939119
0.390962
1.000000
1.000000
1.000000
0.633945
0.634004
0.325924
0.628769
1.000000
0.634069
1.000000
1.000000
1.000000
0.757324
1.000000
1.000000
0.446795
1.000000
1.000000
1.000000
0.446747
0.508396
1.000000
1.000000
0.757323
1.000000
1.000000
1.000000
0.940219
1.000000
0.757398
0.879083
0.879616
1.000000
0.818541
0.757723
1.000000
1.000000
0.942292
1.000000
0.705315
1.000000
1.000000
0.940272
0.575556
0.571844
0.816678
0.939966
0.390964
0.321998
1.000000
0.940210
0.575566
0.571960
0.816637
0.939967
0.390987
0.322060
1.000000
1.000000
1.000000
0.695771
0.756870
0.879024
0.879634
1.000000
1.000000
1.000000
1.000000
1.000000
1.000000
1.000000
1.000000
1.000000
1.000000
1.000000
0.383874
0.383839
1.000000
1.000000
0.509460
0.324177
1.000000
1.000000
0.879544
1.000000
1.000000
1.000000
1.000000
1.000000
1.000000
1.000000
1.000000
1.000000
1.000000
0.634100
0.511195
0.324125
1.000000
1.000000
0.879584
1.000000
1.000000
1.000000
1.000000
0.757318
0.696326
0.573670
0.386925
0.383838
1.000000
1.000000
1.000000
0.645460
0.449760
1.000000
0.634007
0.633989
0.326021
0.628727
1.000000
0.645507
1.000000
1.000000
1.000000
1.000000
1.000000
1.000000
0.571978
0.633362
0.449768
1.000000
0.645466
0.634019
0.325906
0.628756
1.000000
0.634090
1.000000
1.000000
0.818534
0.818420
1.000000
1.000000
1.000000
0.524806
0.447890
1.000000
1.000000
0.705293
1.000000
0.446875
1.000000
1.000000
1.000000
1.000000
1.000000
1.000000
1.000000
1.000000
0.645443
0.695096
1.000000
0.524971
1.000000
0.509447
0.448001
0.753839
0.574057
0.633322
0.449642
0.938430
1.000000
1.000000
1.000000
1.000000
0.509472
1.000000
1.000000
0.818528
0.451581
0.508386
1.000000
1.000000
1.000000
0.446822
1.000000
1.000000
0.695759
1.000000
1.000000
0.940316
1.000000
1.000000
1.000000
1.000000
1.000000
1.000000
0.818538
0.940046
0.391038
1.000000
1.000000
0.320732
0.320568
0.320714
0.628771
0.325900
0.751308
1.000000
1.000000
1.000000
1.000000
1.000000
0.585342
1.000000
1.000000
0.883332
0.879613
1.000000
0.446850
0.508451
1.000000
1.000000
0.757311
1.000000
1.000000
1.000000
0.940228
1.000000
0.764874
1.000000
0.695775
1.000000
1.000000
0.940269
0.575654
1.000000
1.000000
1.000000
0.942044
0.390950
1.000000
1.000000
1.000000
1.000000
1.000000
1.000000
0.320623
0.444234
0.876650
1.000000
0.446827
0.508376
1.000000
1.000000
1.000000
0.695775
1.000000
1.000000
0.818634
0.818617
1.000000
1.000000
1.000000
0.509505
1.000000
1.000000
1.000000
1.000000
0.383974
0.445588
0.753762
1.000000
1.000000
0.320740
0.320636
0.320625
0.628802
0.325824
0.751272
1.000000
1.000000
1.000000
1.000000
1.000000
0.571948
1.000000
1.000000
0.879573
0.879568
1.000000
0.633936
0.878302
1.000000
1.000000
0.883372
1.000000
1.000000
1.000000
1.000000
0.634006
0.325879
0.628780
0.511187
0.815994
1.000000
1.000000
0.645482
0.634020
0.325870
0.628715
1.000000
0.645580
1.000000
1.000000
0.818552
0.818534
1.000000
1.000000
0.940258
1.000000
1.000000
0.883294
0.390374
0.383959
1.000000
1.000000
0.509505
1.000000
1.000000
1.000000
1.000000
0.509420
0.632383
0.325923
0.751326
1.000000
1.000000
1.000000
0.446803
0.508363
1.000000
0.818585
0.389867
1.000000
0.403393
1.000000
0.383848
0.383809
1.000000
0.320644
1.000000
1.000000
1.000000
1.000000
0.634044
0.633990
0.325927
0.628702
1.000000
0.634042
1.000000
1.000000
1.000000
1.000000
1.000000
1.000000
1.000000
0.879653
0.879612
0.697237
0.695735
0.756780
1.000000
1.000000
0.942119
0.390970
1.000000
1.000000
1.000000
1.000000
1.000000
1.000000
0.320742
1.000000
0.509597
0.571168
0.386970
0.383889
1.000000
1.000000
0.509469
0.324060
1.000000
0.341965
0.689935
0.756861
0.818137
1.000000
1.000000
0.879664
0.879622
0.697276
0.695760
0.756750
0.574079
0.694361
1.000000
1.000000
1.000000
0.879635
1.000000
0.695786
0.756832
1.000000
0.695669
0.939661
0.879841
0.697290
0.695680
0.756763
0.574042
0.939126
0.390939
0.321926
1.000000
0.942123
0.575521
0.571807
1.000000
0.757345
1.000000
1.000000
1.000000
1.000000
0.757333
1.000000
1.000000
1.000000
1.000000
1.000000
1.000000
0.446908
0.753797
0.389226
1.000000
0.695780
1.000000
0.764874
0.696309
0.573590
0.386989
0.383944
1.000000
1.000000
1.000000
0.634053
0.449682
1.000000
0.645326
0.633958
0.325847
0.628713
1.000000
0.634072
1.000000
1.000000
0.571795
0.571912
0.816728
0.939929
0.390922
0.321916
1.000000
1.000000
1.000000
0.585319
0.816615
0.939979
0.390902
0.321917
1.000000
1.000000
0.940295
0.390916
1.000000
0.320661
1.000000
1.000000
1.000000
0.695706
0.695728
0.756813
0.512543
0.754817
1.000000
0.403202
1.000000
1.000000
1.000000
0.757299
0.512583
1.000000
0.634084
0.695126
1.000000
1.000000
0.818537
0.818559
1.000000
0.879570
0.879606
1.000000
0.818585
1.000000
0.524747
0.386126
1.000000
1.000000
0.571895
0.633249
1.000000
1.000000
1.000000
1.000000
1.000000
1.000000
1.000000
0.883332
0.879683
0.697292
0.695782
0.756786
0.818140
1.000000
0.585251
1.000000
1.000000
1.000000
1.000000
1.000000
1.000000
1.000000
1.000000
0.320685
1.000000
0.695743
0.695750
0.756820
0.818163
1.000000
0.571929
1.000000
1.000000
1.000000
1.000000
1.000000
0.695786
0.634760
1.000000
0.634027
1.000000
1.000000
1.000000
1.000000
0.383946
1.000000
0.818516
1.000000
1.000000
1.000000
1.000000
0.879681
0.328407
0.628715
1.000000
0.645486
0.449768
1.000000
1.000000
1.000000
1.000000
1.000000
1.000000
0.571894
0.387229
1.000000
0.383884
0.383867
1.000000
1.000000
1.000000
0.634069
0.449731
1.000000
0.634006
0.633985
0.325814
0.628624
1.000000
1.000000
1.000000
0.942100
1.000000
0.879566
0.328337
0.628680
1.000000
0.634047
0.449699
1.000000
1.000000
0.818601
1.000000
0.879643
0.879563
0.879598
0.879605
1.000000
0.446778
0.508374
1.000000
0.818582
1.000000
1.000000
1.000000
0.341992
1.000000
1.000000
1.000000
1.000000
0.320667
1.000000
0.509636
1.000000
0.320636
0.320584
0.628706
0.325736
0.751342
1.000000
0.879596
1.000000
1.000000
1.000000
0.509522
1.000000
0.634030
0.695093
1.000000
0.509604
0.073750
1.000000
0.320713
0.628728
1.000000
0.645474
1.000000
1.000000
0.571827
0.816590
1.000000
0.879576
0.879553
0.390457
1.000000
0.571909
0.386956
0.383900
1.000000
1.000000
1.000000
0.645486
0.449723
1.000000
1.000000
1.000000
0.320747
0.628755
1.000000
0.645466
1.000000
1.000000
0.818572
0.818576
1.000000
1.000000
0.940345
0.390955
1.000000
0.571919
1.000000
1.000000
0.940230
1.000000
0.695741
0.939596
0.879783
1.000000
1.000000
1.000000
0.342011
0.628747
1.000000
0.634121
0.449645
1.000000
0.634018
0.633996
0.325844
0.628754
1.000000
0.634048
1.000000
1.000000
1.000000
1.000000
0.757289
0.879039
0.879608
1.000000
1.000000
1.000000
0.757295
0.389223
0.875753
1.000000
0.585235
0.633227
0.449607
1.000000
1.000000
1.000000
0.320849
0.628766
1.000000
0.634120
0.449668
1.000000
1.000000
1.000000
0.341953
0.628656
1.000000
0.645470
1.000000
1.000000
0.571876
0.571868
0.816683
0.939934
0.390944
0.321905
1.000000
1.000000
1.000000
1.000000
0.320737
0.628795
0.511190
0.815918
1.000000
0.705219
0.695754
0.756802
0.574063
1.000000
0.571920
1.000000
1.000000
1.000000
0.879544
0.513676
1.000000
1.000000
1.000000
0.446821
1.000000
1.000000
1.000000
1.000000
1.000000
1.000000
1.000000
1.000000
0.940220
1.000000
1.000000
0.757235
1.000000
1.000000
0.464093
1.000000
1.000000
0.695782
0.695749
0.756802
1.000000
1.000000
0.464107
1.000000
1.000000
0.695736
0.695694
0.756811
1.000000
1.000000
1.000000
0.571800
1.000000
1.000000
1.000000
1.000000
0.818501
1.000000
0.571939
0.633257
0.449678
1.000000
1.000000
1.000000
0.320807
0.628699
1.000000
0.645535
1.000000
1.000000
0.818572
0.818546
1.000000
1.000000
0.940262
0.391012
1.000000
0.571962
0.386975
0.383918
1.000000
1.000000
1.000000
0.634167
0.449637
1.000000
1.000000
1.000000
0.320810
0.628719
1.000000
0.634098
0.449625
1.000000
1.000000
1.000000
1.000000
1.000000
1.000000
0.818502
1.000000
0.695734
1.000000
0.509445
1.000000
1.000000
0.383891
0.321964
1.000000
1.000000
0.645414
0.633972
0.325826
0.628699
1.000000
0.634068
1.000000
1.000000
1.000000
1.000000
1.000000
0.320747
1.000000
1.000000
1.000000
1.000000
0.634019
0.633945
0.325941
0.628673
1.000000
0.634021
0.449722
1.000000
1.000000
0.818553
1.000000
0.883264
0.879610
1.000000
0.818787
1.000000
0.509464
1.000000
1.000000
1.000000
1.000000
0.757254
1.000000
1.000000
1.000000
